training type: [model ppls,...] mean standard deviation
shuffled: [32.561064726848095, 32.75580162414577, 32.47243911586172, 32.62728244338138, 32.362705940783854] 32.55585877020416 0.13369550640219927
ordered: [27.59007259717144, 27.819480803396594, 27.860477148036264, 27.88645644712847, 27.956128514118536] 27.822523101970262 0.12443542996514136
