shuffled: [33.36393146865192, 33.463798746262064, 33.182043420281715, 33.32385069462063, 33.06605118140449] 33.27993510224417 0.14008491810770532
ordered: [28.253102453192277, 28.431433606936274, 28.4466496406009, 28.5171185808851, 28.52591112517036] 28.43484308135698 0.09822761496575587
